100
5
1 2 3 4 5
3
3 5 6
2
5 6
2
5 5
1000
376963 926789 843447 214046 871709 636462 42393 952973 255684 305901 424081 588515 124392 686678 832241 512320 794461 624980 824813 180939 358678 469395 103985 973107 636030 98226 582777 414426 189397 160933 460744 70370 563078 514928 127080 875162 40527 172073 817179 220816 424218 559583 435562 494136 504732 482739 57610 816337 282850 47740 408285 814445 628827 457235 478000 219626 618062 350457 64189 130111 92624 684500 882195 755496 219479 147088 950539 373982 167211 571440 618749 540730 451944 303774 494670 457517 681337 448262 354919 986153 110725 755616 417262 805397 708194 566143 610138 229546 16055 746546 258859 111102 811380 590975 32352 519470 163568 865256 270989 939835 612542 78332 408837 966490 700977 154900 367894 273719 93395 593668 694976 216847 551864 861172 892355 171302 74912 912367 326461 166043 798853 264199 718022 690907 292651 461038 289422 806408 284002 273815 857481 276361 436607 515912 2012 286793 743586 981212 341779 476909 56968 488059 359724 502109 298615 313948 913215 777166 360061 70123 52118 96512 130462 582645 521032 129930 878198 670370 709521 895557 313840 902830 976136 908802 45832 850783 984323 106772 865455 815309 32251 707631 759386 749318 57766 969701 73986 84669 947203 481078 178413 394725 623585 268330 914499 675878 386378 366681 115631 985813 307308 936007 539986 537378 175615 502630 98596 448017 613408 925798 220949 181554 787751 132281 194594 478312 427506 992871 65305 871042 462629 138229 238238 908870 176854 423086 38962 486724 700188 736199 340114 425943 825473 877476 445741 55355 938913 344684 475773 46900 21903 113401 544142 261176 793590 145817 655097 21455 359110 941700 257030 313968 31315 872397 493148 249981 560739 267256 887806 425190 67352 217741 53454 763262 102357 484677 593203 94210 641310 627735 931788 936803 978608 526199 486097 430050 132019 595044 999122 503412 853447 264481 375189 423318 970185 369560 760175 148239 758229 473114 991665 16504 261527 887013 440245 278972 869864 427126 879305 545617 60376 99752 867459 912914 168920 994208 838463 534329 772265 529929 34214 293852 340206 894654 274035 696270 632931 117529 458717 549605 725684 353404 987377 805341 24970 880971 610518 939610 228837 772896 715581 399646 354788 601390 978564 686027 642809 685702 842241 589070 711169 37550 865610 963172 577482 573138 934515 565401 892580 547426 569875 917076 923683 596100 542333 552459 468429 370327 227100 288853 221768 942392 406733 875874 471205 996144 593149 342538 424862 267762 328437 286385 278454 384829 25304 945609 808722 341257 838650 49234 616541 590837 881427 979712 608546 830053 698403 92350 108418 113370 754582 471659 352843 498289 938813 482562 834848 366649 654405 778658 183207 910363 196434 156826 968990 234152 429644 940113 208691 659046 716879 77974 113760 981669 826685 667275 631610 491126 909564 24245 283798 286106 641183 939330 248137 110125 242691 854879 619431 145527 708751 408283 57427 318143 853903 950732 388225 779968 932804 106592 190993 334144 330546 639371 986088 197617 277431 513843 730567 148483 563708 620961 770828 354395 319984 576678 375898 447676 777298 973547 991012 174341 541143 542810 551806 197017 323927 395356 193545 486387 908203 660418 158069 250841 366128 826209 31523 86549 841251 365141 184017 541746 40401 712507 889241 58991 524668 930040 312416 296342 882609 1385 43597 598680 826229 571552 686515 413766 960749 315685 562489 174010 303422 617001 72375 755651 240850 788350 136710 628224 495360 245197 786629 689809 405529 550199 425117 766051 34170 52482 570702 62926 879041 890168 233693 182360 871535 67495 508475 113217 991767 420292 673899 288513 874229 727958 5451 80807 304522 325351 26266 622870 25524 539578 751209 280266 302321 857479 770212 766469 97788 255578 367283 491408 757445 900475 578235 69984 32923 400104 943815 75410 976525 13822 23724 472439 70717 339515 980279 972492 791111 680305 355627 402683 526548 340055 630084 204638 518443 404073 132372 166681 452359 363458 385691 925383 284567 375985 374901 948158 987448 746604 4168 525121 953817 247521 763082 679105 541612 943432 271762 962553 297803 852155 690996 569144 442155 157237 345064 876927 542879 137966 589108 520998 885164 894425 878542 151570 510330 497950 431357 868062 948635 127696 797723 412792 403525 24914 510876 613210 708168 135603 288924 536139 268838 876044 445095 31581 542457 168252 732778 407050 915025 160973 699769 685959 365184 839313 833070 956775 600217 207913 831338 181767 718530 302242 387536 322838 617917 866207 828801 13927 852251 696172 379021 877749 274713 845735 952006 703977 343606 372032 293247 426819 153854 866087 345876 219972 204912 595829 58576 796715 855826 311769 172962 967375 412670 977615 684410 653741 566066 77064 144795 744408 354775 306835 937793 249691 505342 460331 846248 190358 333590 339886 150583 469048 755554 748207 323430 662599 480475 374967 746119 605688 119582 363469 651958 288565 605530 194582 270595 206116 817582 466487 116402 594963 203121 27550 947705 84229 950685 395034 119963 857439 652578 617942 145630 949363 838430 536788 412165 990836 935398 329446 424628 549257 671551 995491 775432 219489 108915 41882 112247 101448 368978 538762 516524 579986 757753 7225 707110 141526 747873 864132 95577 623706 153467 542585 193974 720740 353299 957681 548191 836715 298260 848618 104034 762474 855730 78185 541526 179571 206659 845644 115624 793780 479362 143330 274190 601294 191786 679063 968072 991439 105047 45610 369149 819650 920416 476546 358890 292755 792263 650904 379671 572741 488736 808852 864031 960978 782239 580273 802984 218866 813864 145144 859947 748047 165491 812275 400456 525901 151183 430815 473235 504651 425139 8052 736166 928118 396000 670686 758946 184973 597575 617513 847987 718956 546306 221428 31911 94376 856007 920002 237796 741940 211314 475891 154076 441248 124781 788087 492178 243518 892386 226365 288810 568202 191245 957810 374706 127535 204128 288193 972004 140845 314614 49586 943700 699697 15784 786431 295465 473127 82964 52613 773495 689590 627678 657455 691168 152907 463832 481955 406797 761477 323427 621855 4110 68196 522890 776149 848004 971564 372452 812602 864853 759427 387090 518531 677752 227222 247037 29613 878039 332547 110653 479566 351495 65099 733465 577501 607086 945923 704903 247529 781538 984505 649696 458837 413695 85225 784224 729673 173450 240248 424077 755061 207041 812545 910470 164331 216014 86580 461223 730227 121831 345748 359577 392273 416033 35673 823568 807163 66525 88580 141873 801549 35757 758422 334957 875708 338197 784974 39726 369294 197008 505342 920465 796501 377120 218349 91830 637511 815514 425718 907657 139009 164648 98744 507698 109086 719237 786788 283323 941405 1656 706455 547843 469926 347905 887165 48847 751081 502981 567402 113234 740263 434077 205594 453292 704989 640452 992949 641515 996406 33182 645610 874135 357190 173492 46341 320381 752852 167982 322257 442852 49529 153340 204015
1000
310106 776871 775627 348092 314041 249909 480190 671197 847027 955054 359521 371131 233885 483579 73360 332707 64186 330007 854313 402766 999030 846734 640317 902957 557205 890157 259413 275647 877331 661168 574026 263699 534162 288530 50994 712573 699637 481944 939226 75784 702881 104994 726585 909571 16053 906858 690557 484700 573298 37799 23397 603407 154655 152410 372738 525760 751494 670677 561034 11889 887189 12555 986586 469165 723222 594606 354093 655114 740990 251781 813344 407914 269314 305310 687492 235351 336255 9124 21397 941358 414408 875017 727112 865963 213185 500937 885945 382090 270636 887750 530241 725001 240362 779975 420956 860806 488232 418426 150476 833535 302354 660001 557185 466781 466606 254935 72447 273899 235365 231686 922379 934306 445238 988142 5804 75068 490873 237857 642876 450969 207463 65212 949524 294575 756816 522659 27540 832488 217036 268026 56070 436875 895402 66896 173293 400259 657133 304559 510363 268067 976279 343909 908398 251839 963165 628365 985487 73810 59422 995700 70815 269561 954411 118653 671772 225299 404271 164861 769335 179219 426827 112950 761432 877954 477259 798267 739291 661295 890525 998547 372781 460479 907836 491958 166027 779070 13906 962305 749459 957866 773052 369751 853080 523406 122378 208613 395379 611801 365383 711888 66315 382882 833962 856232 924027 570540 931360 667990 680814 194443 400287 768009 797216 566780 231022 645243 347573 271600 544943 778415 277230 30745 943270 994379 569576 419133 145360 759385 56522 290447 469325 237670 199129 262829 910864 316968 160095 418127 68648 556716 642337 722739 148083 994949 827581 838546 550186 897545 881210 472895 671287 229265 514372 223879 648681 267348 307256 717587 319764 905591 835790 977555 269645 412132 805919 983684 664966 214999 54862 285860 440006 826147 15241 635934 797962 226323 343296 876308 282614 743703 665073 172425 405519 672126 768241 588065 896798 220998 246749 900552 844641 632124 16308 768047 411446 258920 986578 760452 563154 632415 394650 885358 811640 131330 269389 269682 874520 616351 549156 982391 677228 375442 164077 50200 319734 474686 475452 996185 235665 497269 960644 790950 625934 542589 590291 616314 931432 899714 940888 929118 536875 528974 904520 877340 135036 969583 392367 359017 596561 289289 67450 27171 402851 409707 731094 276415 548077 617928 452976 519828 945297 557145 861719 893976 684369 956576 528262 664592 237640 768360 225032 242990 417786 738092 761382 343816 864555 284106 456320 289577 351695 449504 944112 784716 42397 891604 909455 995626 407409 962718 275815 785840 472775 66219 171519 456539 893136 116532 460973 169113 659423 919218 18245 461644 881041 168862 759150 660685 941230 294872 325880 388662 315516 251439 273289 233682 140321 617256 67907 144029 119213 354465 34202 961631 702254 367250 205273 555368 117420 78923 837274 975011 162130 353928 4479 196729 295508 67049 973845 185131 225655 49877 17311 346144 34345 383195 722155 124413 369798 612310 7102 587040 440199 720463 390391 481629 373705 213409 764166 732612 148451 417866 363532 626011 397336 681299 595170 819424 303102 173967 832569 249481 959688 810235 172502 65903 176276 753982 263423 26749 624250 9016 867767 968225 28016 719731 498023 746197 691882 411228 266651 999303 395542 394740 218829 738193 312525 491781 780858 866835 957833 754607 696713 36794 390331 848224 390949 456349 539137 949308 25941 723412 437207 324483 977364 838363 438966 474072 394108 747706 525012 82627 683536 145290 767723 892342 989536 74115 967078 878577 816320 667418 667003 554066 434278 124667 7178 801575 856028 318711 57858 6531 52151 658288 171691 749808 807557 471273 245084 389786 429062 749349 447830 53276 661905 445066 657788 683718 781242 427985 564202 219410 719542 535576 748991 197831 50449 217797 828067 552381 979005 980114 381539 787021 943915 462119 119299 246931 938311 636754 590414 516990 13807 417060 845078 165004 185254 518424 176835 621024 11883 343360 853703 62894 237189 578567 911201 22863 84658 597677 790105 313429 623402 403547 490517 732095 469118 943190 818675 930656 618861 359569 853929 812022 860902 975377 618210 903673 273735 968650 505367 980267 249810 273199 361373 573981 339864 945006 462760 233986 62618 712803 913001 969888 586563 442806 235786 24906 575261 763365 266836 284742 249226 334691 790222 864704 972405 103029 713251 219998 907316 484298 137444 332677 363941 547355 47138 532292 220676 856953 330688 551192 645185 835544 428158 387756 456572 198645 591489 668309 64025 555043 548149 447311 427123 435196 538278 5160 613881 852889 103747 432095 893485 596564 282599 338831 907160 464106 916542 131341 504864 808811 438805 181061 913513 332903 134984 451259 18765 605395 779828 915250 643487 646593 966848 871116 496484 927098 962535 851597 468336 171938 18889 968504 954746 659731 97704 566686 194791 981350 717360 854575 607583 167617 421324 545021 671481 81212 734209 206075 826219 200413 580137 48090 512914 214527 980433 993665 70985 754483 937261 274898 400838 842788 84786 460564 969720 974678 91509 514775 924394 520017 559011 423982 693363 500182 259762 588339 818551 802144 693823 808861 759807 203777 946295 781620 784710 190877 236669 812378 768519 345751 604267 813709 20030 621672 58445 625782 718061 556357 6605 534601 438520 83643 78117 404438 8999 494753 773550 373732 197931 379150 47597 49809 446298 899128 471785 230862 754027 743378 591580 102392 369335 799311 15302 101317 709407 820292 591564 214677 225069 602730 333402 395417 858881 930658 237061 66182 298106 927860 673764 781457 831167 823007 859590 801095 636158 475590 808475 921078 904801 454801 312549 671200 313991 786714 602308 337982 510654 187135 927193 440625 953502 810514 159839 740811 236334 436522 25336 447895 921892 175347 945258 983765 987114 756846 287961 193488 275538 953407 295025 478276 663097 552380 251295 840581 21084 940354 620232 350574 566330 588842 97621 855325 474389 425267 350600 669481 57421 107802 340247 309938 155678 112857 208239 438161 343469 427762 695890 172336 883673 670827 434205 463542 695014 180928 984447 939949 676277 446744 682840 118636 494820 262344 324200 67154 770921 961359 818260 454413 933629 499810 853283 408726 887038 788379 146072 696281 401712 284963 180243 903795 55664 122492 590252 226388 47148 743787 310609 447986 260461 692062 874899 608065 759079 837580 823944 582205 142337 199006 983839 808440 252473 265667 598986 687741 592340 802674 978972 857729 215445 555333 606870 21511 959498 527822 331767 691102 852534 320214 391170 281444 606457 751495 908238 353108 569113 838229 702313 600842 435009 990332 597413 65989 125884 201987 493727 319852 126728 883010 692745 600631 268739 179017 366755 904007 519527 825699 8622 123033 928921 678782 374429 406554 738130 785159 826951 343047 854656 928653 781676 713723 808732 981704 695066 16247 943630 207787 801423 618688 699653 619015 299424 130501 483563 50478 435707 401303 7654 668394
718
629358 642199 904762 448426 927606 179484 900178 299509 796413 735408 942315 329555 176535 209259 671600 303132 123484 101823 362533 54683 43202 271268 412346 860131 65520 233019 172878 345941 108067 506722 671774 688848 804666 429791 190240 519580 720824 772145 84510 60140 534083 864881 8954 768971 609545 281727 627242 388330 844516 188240 711683 421999 821041 148545 487061 553057 761891 13528 267900 665982 655596 736464 5762 184511 409662 343996 638151 493760 855672 454961 465041 563184 455569 487578 613761 509289 773433 199967 91928 338493 914866 169053 678276 61923 676293 69626 498674 152835 534129 956004 501904 134999 172719 332503 887012 822305 397876 147425 790685 883342 492078 221444 726384 81169 776734 392614 581747 780946 223231 366850 964438 760026 315026 456120 305845 320961 255446 731994 473046 851502 87387 950883 772805 522059 346886 676497 895556 674447 43272 841041 824523 319081 116502 792299 861204 836287 154908 1175 128385 516474 313156 366649 393682 111047 11828 342554 3717 369398 894464 775701 114942 707793 563248 443836 60856 657235 669239 42197 449532 696378 368992 747018 312919 548924 462329 835343 506081 523357 269033 102570 905043 461509 66142 207434 411565 275276 859152 751020 462167 271240 195536 786861 472063 925953 30542 445719 455787 653680 747962 137448 268110 559732 856411 588867 86597 227849 719927 77077 856793 276874 402764 557848 73705 304868 104736 873687 948398 741113 520910 820327 102656 780180 820718 591649 628784 43633 803721 829039 356042 364501 645607 438242 846073 844003 114201 873754 301306 926484 277162 528481 532808 209551 289252 371494 404525 224266 212932 66093 587271 930106 981590 767524 438529 230058 636779 78000 450206 964934 599625 941976 99122 817658 454830 485779 192789 923465 656431 961088 817175 412280 232537 59752 188171 45786 849458 669643 598122 216580 873784 373927 665024 764003 228939 575141 535200 260124 747490 375733 475690 754139 18654 704355 260539 556717 667991 96380 402568 493932 594238 905452 217744 33096 729320 344642 297660 314070 717197 91205 130258 56899 632899 280316 409865 392669 896692 488337 900453 350142 778930 953145 731355 553525 742586 923352 793998 598759 645026 707339 833012 238837 922749 901536 826342 541512 70841 505452 118455 826073 374399 264910 735105 502720 134076 92890 540985 120292 935444 958780 841496 645725 764191 703681 796375 348854 524271 415307 585775 879935 794562 541723 725933 403907 520442 244400 451201 380633 546220 666140 54969 464058 655375 182621 416709 57026 406804 17676 111859 333062 24760 417066 287796 93405 226079 369668 605309 900207 330911 30100 758407 672632 780667 151395 257794 942655 595323 601655 250277 387774 476127 922502 501815 494565 966470 88997 35364 972139 310381 220478 280630 704669 726508 662930 763433 404298 67514 405253 350526 89697 48076 500073 980762 963070 985842 884434 484144 295260 881592 490807 690778 660 438581 191877 714490 948105 8220 614632 22089 526458 174273 341738 470612 553636 69514 257410 999169 299329 512852 343810 26811 647428 73916 303175 481228 68568 759176 125100 773509 561234 708505 367926 781155 865396 977014 179593 304646 803150 622434 175383 683631 613476 285815 351560 336113 708767 760756 93718 108667 93079 787062 493097 882084 872323 731468 39506 796194 120899 111457 344928 805101 101452 12447 741862 100176 450282 950297 724554 148052 856549 669918 51882 547398 833308 930915 795518 704184 924550 516592 86749 417241 503183 451411 899418 542567 525310 540688 782750 726831 305565 803680 134209 537384 915390 227404 267176 579853 481194 43317 800093 107551 622190 529352 9688 356584 247737 583411 155239 889619 863174 690762 861066 419109 237549 548196 377174 401161 791792 68915 335145 912062 664255 9925 377624 174557 831681 737986 891750 722561 732282 625118 778278 709308 894786 523009 609307 278308 139599 316386 973746 83048 430397 109324 309101 289618 163987 11155 304404 389802 409616 403021 940801 858589 817120 931259 168186 239598 692524 678679 828866 607372 214497 491422 321135 631223 416789 361297 654956 365385 801674 751728 733629 473622 323250 645898 942191 166653 160552 276727 94437 420378 265616 861180 911044 138312 314412 442077 473743 50619 256513 219421 6106 369636 420859 192766 262623 34778 540831 12122 925750 185551 415403 696266 875713 704363 524239 4226 985130 917047 10994 514629 456668 271656 777493 914345 797380 12505 233734 974788 691892 401564 495215 852326 404311 163508 444110 752430 913467 704299 324229 687575 632244 284403 902768 884311 113394 415150 606872 533036 721733 253025 750332 535915 54338 65847 875154 118282 668546 9621 224063 357682 337166 549473 370613 355103 447250 460177 977325 737525 680630 238899 306980 689054 112156 955892 940785 972490 929735 372019 288016 174764 601658 276422 603423 527466 500447 85740 459904 243808 786818 877162 924428 826585 605884 765187 665805 341427 774866 754496 350101 64376 101926 152271 428709 948646 773673 392624 821095 720337 79298
382
360814 776924 979831 895633 972526 663578 722223 19620 222222 885674 656924 386393 539661 538811 911119 585958 937505 404934 543918 749503 641528 807458 56699 428661 407280 753776 925410 344234 864586 340536 157987 667700 974618 38194 290373 173884 158912 684733 378520 313273 847045 345151 273549 915350 986730 905241 161306 961119 954258 780571 430553 381528 543449 808458 588215 291366 546798 807693 118072 851676 646577 51697 60399 680668 350516 791000 117432 48845 825575 892572 402494 157385 595706 69656 679352 970465 394543 214956 675705 232481 734405 344366 755999 831520 937938 699974 843772 358498 521032 297653 657882 412658 158226 472385 2449 471770 959762 318474 3784 27003 850299 337689 291755 699773 793480 743921 172929 437550 703250 239269 234745 995981 406916 840433 752480 504265 608635 6430 122430 867204 373274 232053 177208 785481 334762 418991 779913 145356 83563 426792 84552 222765 954699 71693 77647 344263 904854 349305 491786 596882 953984 759218 989747 684497 936197 207379 700 512456 541866 943242 78149 956372 281278 453207 641733 194225 658546 726911 732764 136565 826226 298444 256692 780543 80948 720836 704465 86088 337418 284377 346907 726281 136117 685878 731360 34335 607056 217651 736029 869575 777418 121204 263285 617313 588196 206808 365972 486350 601949 464926 501069 151109 905338 979693 129047 39748 935661 695961 396712 619747 5154 544367 972210 667468 820146 670129 833144 141176 83884 968115 338103 892689 553507 921408 61067 942022 15519 804407 786872 603347 325560 942457 745983 556905 343919 148225 999140 504480 330610 429609 686420 733179 82411 214895 914398 159644 203865 724615 92900 571495 271535 458503 955553 61944 951424 744442 722470 598388 363927 376824 285740 395354 954875 54966 183760 526986 844915 288609 197434 104590 3984 274473 641219 481837 473069 123236 447140 675465 760779 996897 363767 540904 832274 254252 790785 165063 303344 271023 819219 222164 144255 394372 83765 64019 916479 105767 83241 434951 217007 846528 293404 50350 59293 15942 64976 214981 900179 141238 246477 549388 806050 571536 968867 237838 827099 489015 363053 219783 923288 220661 767906 465313 206055 537071 804153 761511 573171 38490 503899 119129 584592 391457 906312 280773 264612 698752 697583 63414 268542 574432 849536 253521 587629 479934 142726 827329 908229 688780 969212 31159 109858 3646 897039 503417 723984 546453 626784 954887 326268 479978 472497 236757 721880 940514 728726 624692 877944 503098 752282 706083 176694 236057 501330 728769 635069 752352 707699 631137 648204 705493 373816 486445 457531 544642 370808 182740 535367 434923 383740 82339 543857 684944
901
136890 23386 779897 803520 949067 452802 338932 821572 10312 293183 87841 28327 980687 306670 104894 188050 921450 910502 687068 407877 834570 364639 373167 453709 379545 576989 107535 730490 918998 329630 802496 585525 188431 502115 832627 319723 911439 586847 483303 203375 304916 584063 657071 835963 49534 499235 39838 131366 611793 838230 632688 455481 729552 725072 906366 945886 123913 284248 843371 669975 570573 390337 446091 402484 481738 978173 469417 753829 118087 730023 756420 971354 540411 179512 804081 453009 667180 7665 737208 788156 458299 27256 68999 480670 666385 56594 20249 834791 186809 203429 517769 798894 96450 570948 43385 400925 914845 207658 702988 449969 649577 349810 506172 313673 67130 502372 153003 348607 135843 345050 698442 986950 354607 722794 362850 731555 303058 860519 531852 289293 104518 912789 720629 168358 75485 41477 266485 695354 426950 937278 479941 191325 471366 104761 270054 589179 937964 73483 882685 778782 54466 868320 590179 531103 616081 594231 76826 542035 221257 94347 848015 333772 497088 100376 859089 248922 575836 658274 276664 760259 80957 711685 435933 383067 569864 975530 120973 832158 463531 658769 820148 442525 761236 376523 166227 678977 703667 841145 718413 334524 876936 80013 823315 205720 740515 736972 589940 199282 542821 310719 350171 783897 5878 158255 539146 579512 675546 218242 748868 165249 794495 789979 836915 959406 518432 304627 231629 382941 919316 871263 87956 973237 215793 241365 959009 286115 453953 323665 700217 213380 513181 540862 74168 968265 246475 407705 354239 497830 725171 756058 975157 88390 269448 977003 171761 833168 150887 608592 601723 621015 264420 783682 797854 13272 819617 203317 796212 568093 832302 516772 511968 416156 11997 326074 134840 827914 497729 405660 497374 83186 74105 267205 322181 56173 944493 184359 401519 633651 69904 716313 688388 775594 361740 34482 751021 38272 911028 67049 997335 495837 46769 41017 866999 894933 597945 145300 431012 283179 101251 514596 553233 811641 59145 182785 273271 238203 125769 128112 449649 277397 328021 407017 688865 334209 292089 726002 181394 590114 206388 833402 599937 257765 138251 478392 702713 986826 575380 68350 373346 390100 650717 152496 497043 860174 974153 271200 567312 742515 904220 519948 774344 749058 260270 446118 803093 346260 572531 288413 906912 772750 19454 961204 803304 987917 613360 649629 671650 366478 838442 290171 103641 263906 832476 761994 734242 782913 38435 324745 995162 412124 640180 936137 384394 123556 513802 321443 729565 853566 491778 525936 560732 695755 456858 508307 96212 651291 519216 542747 939196 38720 963186 851734 620360 31164 522515 12866 980949 404295 475243 47391 296082 165643 312296 75674 132706 736926 303638 66967 995243 92138 344558 687799 663529 599894 281812 252325 768553 760646 186738 912984 274040 624169 90015 380246 788727 387816 89660 478420 427522 414836 150369 740860 914143 348552 973753 391459 526196 120865 657487 875467 436736 835591 446666 759460 543950 703670 449375 83381 909144 110487 479641 498884 386219 873472 738950 546969 445846 483177 219156 599985 386867 538767 664423 220675 639284 929040 850412 734964 624476 60143 626495 871702 225188 660621 735488 785918 251439 566353 898660 206185 187014 209510 903391 599614 254776 547821 757644 680497 487820 697244 320718 16488 503952 386565 187599 391369 821258 271340 628510 453825 255746 765594 566837 240193 581663 915996 675589 666153 922424 985185 644217 911481 468272 694662 426450 316143 222570 511164 678729 361509 11980 231207 787123 432872 647028 320441 693763 682276 510670 945546 743926 313993 228820 996728 361484 113302 993974 270077 69212 436253 855241 126285 562432 308666 906375 172134 301616 215695 890762 397524 547744 152059 342339 839645 210787 459363 744694 901599 454011 950680 247436 139704 609059 287628 777842 321 672082 911736 669505 748309 845328 751923 292479 668500 860725 978322 495464 444673 728091 784293 634236 934294 408002 397796 450651 34482 851479 589499 31492 872670 290736 726834 648047 785562 216254 542491 352521 39286 554722 40752 250980 511078 494817 757374 932883 660794 30135 95749 138153 988091 931157 915523 235363 402593 779695 849996 252614 84514 827344 308081 636687 700548 610368 868028 676967 497329 184212 121389 629015 198863 913258 453375 263719 358943 663838 619270 124253 969921 376584 367057 926030 997751 548522 614944 503318 203279 809451 350506 64991 585805 375121 949719 266378 466193 874321 95615 134178 702336 629728 890122 456414 782171 584731 829531 219087 325178 50451 561545 609269 792333 706705 56440 625446 483872 807665 689935 871656 61275 882166 352570 530698 650338 892944 619690 965253 887464 7705 51989 416914 527931 553967 44682 373073 626660 371413 51863 103813 257159 423098 928123 261321 116791 936186 499549 277450 760496 373094 657778 146899 766083 925515 126070 449436 41943 38046 693352 292755 523559 305210 539991 947559 633548 688671 793106 721385 990000 951830 939304 266837 302502 395450 249559 908325 876376 180746 232069 516269 282107 801538 123166 119721 72940 847100 555365 193577 148385 174634 544980 798038 440342 459631 536584 732289 869725 740620 744049 205908 185965 877079 384338 845954 381002 617160 47061 747209 617126 626240 656628 170132 767408 564765 638322 847016 919221 156294 351382 207727 150891 174277 978007 931760 280827 960735 923458 391783 857727 337822 637319 136084 762669 467405 914523 180246 177348 412596 716054 310592 12946 556954 916417 422572 942290 449637 864611 170176 472300 219662 66103 667736 239773 859991 182617 477026 661625 154003 499050 693900 480955 165231 339498 106682 557311 597763 644547 782258 374150 450858 979738 969289 750653 691376 865736 766631 692804 748613 155110 490847 289277 195938 631476 730238 208680 616589 678077 245346 252696 480554 247352 403127 190085 944530 703262 802885 940349 886740 267805 439698 353866 554535 553057 514808 917143 149876 79769 399272 519243 663230 767033 110038 535573 210449 496243 227883 378009 641213 184437 529567 736703 972260 967047 787316 287434 757921 611502 198128 873616 762963 886767 271149 425741 939153 395325 698197 107644 327948 378999 430103 870207 969738 798323 189709 664114 769250 865068 137114 263154 941358 798950 296433 554989 856016
37
939599 2701 922413 783147 68135 658085 880842 704799 875582 277521 378676 427603 969373 48130 341187 978852 999884 591830 948275 192856 505606 920554 4420 911440 852282 586321 234488 601193 184834 951912 739385 984759 719011 227050 355604 820398 80455
325
172396 953573 806666 825669 112575 309260 978938 988183 505848 900730 903866 837022 460358 156689 626891 208133 233790 933614 448383 123421 951583 159279 115760 688040 121569 23810 355766 246579 265129 37231 538690 337057 980443 507112 219123 780902 311515 421506 449710 909033 276294 492055 329074 513337 653294 467432 750326 671627 89053 300459 583634 832637 984695 571483 943147 893416 836565 25790 893350 71085 113470 578468 534435 555010 213100 759062 806691 339425 272175 642697 582567 998721 74251 501917 135847 823791 573877 404988 953767 908799 253034 538715 763481 261380 177875 930743 214699 329098 588472 656713 651182 402160 429622 587947 505493 834888 510190 802894 682468 708967 898388 454616 563203 348741 957894 353813 208185 99913 513390 877930 258786 445012 122850 751492 918697 660324 664500 161505 877708 326576 193941 30861 925907 878991 816261 427672 339078 555368 752114 935932 419816 2695 985761 630022 903828 644933 420590 723641 541378 322679 917141 117787 980238 808420 802958 168883 580335 720493 36242 58921 37014 218839 854995 340345 915117 39360 647306 321276 101557 618636 61833 823367 892739 42592 826287 713958 330421 867311 606879 142872 676396 986716 828980 427007 859023 214709 911363 692272 733311 43167 696673 562573 228784 400909 354937 904537 745812 933854 119462 739752 728607 879006 672172 927810 25831 191870 5310 516525 900631 668927 706506 727590 939409 87506 589534 448116 631115 693940 406913 184132 853033 704668 365352 171506 988545 926775 744153 411335 554674 629691 797458 265519 592133 75947 293594 529049 872336 492562 620899 618050 984273 136611 800750 327637 365899 526763 637024 361327 274547 785032 284779 233772 83796 190070 108906 266676 740917 593189 616037 511311 520886 85417 50920 656408 567262 494520 413380 505489 266662 165342 137673 723479 771240 970672 527360 950566 552990 914433 983194 148709 120482 307699 306029 496766 325023 289253 761536 122619 255165 570985 559476 825374 570534 844332 960030 589405 972908 248074 745788 682552 871516 465521 51856 755426 882286 112568 787444 913174 291869 314260 364490 40270 285365 175326 140000 542874 745629 126421 972351 407404 374133 132074 83273 801060 456272 716838 466852 102610 380576 411552 679494 280397 798018 745086 112076
190
613373 310324 51373 970966 349118 858550 290082 84131 169761 241527 620507 574344 855407 679090 613950 923531 607507 282055 608719 912584 34993 432282 918176 88614 506377 799708 487583 909461 916220 845964 758130 737596 954604 227530 601254 539114 773301 73656 722497 845494 377219 645768 363570 428019 829621 736491 776283 382408 547668 788180 370405 78991 129286 114411 717930 114048 683354 408948 624751 177676 921288 561756 205250 448101 792917 346507 916357 177612 184776 48000 935917 40095 339492 441172 763965 781247 666463 765345 687871 24548 3115 373172 455248 339992 66999 146053 880815 181118 729979 2826 743049 494674 559095 769815 74182 193521 934980 3810 596763 56426 219695 983707 323824 541045 826033 410077 893893 318700 623251 768540 646643 142134 838010 963414 220842 506701 279621 231289 959119 235601 83625 352097 966357 23466 203785 575002 292631 850971 69324 999208 644007 997759 532509 11868 507887 234888 402506 850717 611348 507091 458155 710882 929839 235716 551925 124578 389717 744566 166659 419260 690463 925590 609243 375399 168882 849753 632965 307232 727288 313879 908050 669538 857639 282279 798461 906008 32067 589104 238591 116026 808403 335335 259605 859151 768663 772353 355306 134744 85349 872695 41592 553714 112351 312165 258212 869743 809096 316120 441806 148301
350
615040 674024 312406 531751 49365 289825 850574 234637 829112 829970 984151 815818 899279 296303 217092 389681 381555 338730 185465 30427 770649 28863 549718 207548 605076 274549 704366 279099 229548 511566 125385 115777 702072 765434 803986 715119 662507 770930 381601 133868 975679 599529 689080 528089 504687 583886 510738 963400 977864 597921 635348 183164 845305 604387 345732 806716 602634 804886 991231 734719 832963 947434 249950 209866 686633 486820 932259 30320 307186 496322 635656 641356 479308 957985 781110 800934 283956 499591 581325 670370 961305 27006 662190 894585 103359 420909 588220 573254 976587 139576 599882 104345 681206 721307 52303 677312 767319 402178 220703 195746 54994 364553 407280 276750 740221 716158 29659 932439 178874 928838 731418 822127 979483 618479 825115 715534 977854 652120 160364 305760 53324 643617 668005 311310 6094 299414 211787 599039 922921 868290 841465 554698 682352 914205 249906 634012 696198 402476 823795 81011 535538 269637 151986 801142 889010 240890 895061 692010 443649 814194 707900 393774 758809 769737 571984 28814 390269 87558 596213 692363 253726 454477 609026 694659 950067 121113 914609 142172 424532 9319 315217 171207 251427 272507 484903 532943 376431 315291 71131 157802 318344 291679 807725 877600 111137 877937 2160 291944 772989 531478 149468 684484 425845 743071 960642 456866 664058 552267 750903 773407 541251 408582 57680 269839 235894 668992 630310 208282 525182 496059 706582 980452 492914 883324 816790 15331 777771 802309 729285 739616 153896 997873 700010 192234 786513 54880 413283 237488 859422 633223 231547 227235 497474 639504 945131 205606 507396 83900 224450 52666 785723 630469 347650 784622 68540 999286 477684 286975 411399 21272 607336 767660 487554 112513 962254 415306 415225 31141 247956 950069 417469 413880 441767 778431 549376 743816 835707 909708 959562 373224 190879 664099 880330 946346 227150 763537 879995 177740 176765 540863 782243 99520 311388 903799 420208 624538 345322 966388 126001 887539 186906 421751 171024 771075 673998 98992 884309 707530 798598 297898 376721 426981 24533 968549 903518 825848 328560 287806 717519 107835 347710 385587 240620 198840 628597 504941 42006 291707 337296 508499 657113 817593 666104 796547 70152 894643 370328 357358 901468 56817 424402 246297 145452 825624 335766 960028 189337 350097 714170 775041 116916 260116 794426 612183 32874 652996 292713 654880 180152 137564
444
774778 954877 973576 122183 816204 533371 784302 347013 440490 795850 190092 805539 411148 823586 782384 475276 622393 769004 335489 133048 723574 790209 19606 213820 783538 830209 813477 774636 23140 179596 655372 581091 666263 199558 161637 710886 809962 490470 956584 633807 895040 855876 965341 139318 885306 114009 949162 177295 887757 38917 441326 198726 529214 490365 619751 837519 56072 998153 59677 922505 350258 65285 716011 384534 603534 401857 119803 765793 685641 567523 232241 169629 845625 890487 479023 283997 412899 137269 567024 929844 170929 274680 705233 82986 495981 634968 986655 828720 413250 245701 400139 692854 469057 750211 204389 176051 388391 976169 275562 386446 72421 895053 941670 533904 605484 691136 747833 519304 332288 948227 789619 55667 539872 848902 862744 165135 452764 101699 215897 854065 729682 275216 923851 127105 3615 268714 996298 752542 766481 765443 67059 344133 19320 799849 238028 856557 443271 702434 291738 862763 412667 947294 716355 512783 33709 611208 952705 794707 510774 280947 985103 277471 782977 489952 432919 905928 560401 376448 378672 614064 696564 348032 757436 759965 389183 728653 458472 860805 846969 395239 497152 838410 47649 983777 254465 173692 229117 103432 69119 930735 216264 25303 157803 212972 65368 295261 806342 120594 665026 178399 853526 748739 82041 263212 434834 320021 283792 165312 650538 905240 709685 512760 21233 7697 393388 340816 746150 816218 524122 9026 661686 833273 538940 853226 266584 920806 440793 753943 158569 128508 704467 102358 32795 624370 149759 847018 432266 415363 759365 950656 995021 717700 703221 186024 565563 62779 290311 359000 623841 832095 39995 358473 2857 253495 551055 409050 159644 272382 399236 870896 289579 129106 331630 275080 197770 150395 570792 959160 948944 958204 582960 286249 691886 857182 46887 403435 831783 592156 666260 421012 820435 544730 788391 864753 464631 490140 173783 710287 110290 48360 438763 853379 697488 398419 453439 496376 574759 953792 384226 479148 652751 623214 788957 765012 332938 725627 824238 752744 532441 672424 840264 34122 679144 19865 449223 311936 178989 236697 923568 189734 421674 439211 560385 662176 263317 739393 552952 816590 592359 46618 116496 561882 864867 489543 865753 266690 62638 741186 620109 759309 459106 77409 616868 199074 885937 571483 572021 495972 348790 816428 659342 162806 332599 627813 687688 334018 231196 582329 697422 617342 801500 225624 120042 629621 790700 498667 532143 687353 537920 72952 346438 15052 267422 749940 439658 97343 870292 263980 365367 525389 963786 510690 900541 291601 619009 761671 360916 639634 48932 304720 569369 887110 869980 601181 60294 284878 54818 161551 311064 471430 111686 952683 476926 715369 169831 798741 608356 152443 352485 856956 646643 920315 936335 838966 535673 579232 395125 57392 579791 114914 528540 329843 808354 478989 470479 539754 579745 113238 884514 652215 288438 968874 423830 421396 52549 164396 232101 602668 77307 887219 105370 762103 329591 998623 596469 635097 678708 701258 331258 474683 480702 910285 383150 909054
82
2264 589 3125 9532 5815 8723 7262 9232 5034 5865 7930 6167 192 1784 3816 8060 6985 375 2418 5914 5834 618 2984 3596 7413 3775 881 2199 2338 7181 1418 7037 3805 2257 6394 7042 4851 8123 3665 7921 5532 2092 6853 4338 4441 892 8936 6208 7612 2417 9088 2273 6652 5639 336 7475 5279 3344 8000 822 2557 9252 4348 9002 7700 6011 3890 2563 9232 3141 6204 9828 8795 8059 3276 1008 3464 4028 1813 699 1058 2033
76
1306 7935 2707 4672 4241 1968 4115 288 1487 1546 6727 679 2127 8585 2154 4475 9303 867 4649 3286 2568 31 1305 8440 4471 995 921 5587 9465 9834 4808 3400 1310 1967 8914 718 435 665 4228 8903 9537 5670 3465 2787 6947 9289 9867 5718 2713 9283 7228 4137 9873 5594 6501 5844 4781 6021 9761 4680 7370 6484 1975 403 6390 2633 7163 5553 5173 4065 8867 8979 4289 9177 585 4694
81
2210 8966 603 4657 9801 2312 4978 6366 5612 8076 4333 3885 9949 4996 7843 2307 1467 2390 7344 3852 806 8241 5691 9055 7121 6649 2774 9577 1895 9510 7017 5602 3666 230 5689 9937 1171 4436 3243 8027 3560 508 8766 5954 8929 1362 5247 2360 941 7981 1842 436 7381 5542 8219 9021 791 7212 6632 1025 6105 4097 9100 373 9087 6727 5189 954 548 3296 1419 6058 43 2530 1994 1762 7607 864 5823 3844 4605
38
3017 6319 8623 3009 2026 2065 4190 6683 208 5676 9517 6939 1845 9821 2491 8718 1138 1600 8446 6556 2697 4364 1645 1757 6869 1089 2186 1215 7914 7270 2560 9119 7348 3511 256 6281 4118 8170
80
581 6388 6812 4446 2148 5926 2095 256 6681 1348 588 1512 1157 196 9679 6318 5386 731 7221 5114 7451 9259 1145 9315 2752 8620 1500 6881 8805 6907 9579 8344 4786 4455 6864 4359 8360 6604 5388 7263 9259 2509 2142 9122 9039 9624 3872 7590 156 4836 378 5082 8811 70 9668 2624 7188 1532 3224 6452 2598 5623 6419 3584 5794 133 9874 5481 8869 3411 4366 7532 4641 1195 8853 2614 7550 3002 4201 13194
17
7511 6578 9218 9934 4276 7337 1142 5391 278 9585 5757 8537 4614 2723 9591 9582 4274
72
357 4854 8704 6302 412 9749 1976 9486 5721 4821 4058 4628 8092 9800 2613 4404 3359 3977 5186 7920 1666 8900 5231 7909 6296 2630 7564 7115 9072 8453 8654 3906 8269 6800 6040 3069 301 1259 3640 1354 4994 9431 6536 9418 2848 2956 5592 852 690 3892 6992 613 3623 5262 5302 5650 6868 7634 682 3154 6608 8051 5375 5113 5404 1813 7439 7851 828 8175 164 4515
100
7727 6874 5240 3070 1165 2833 701 1356 397 6555 6106 6460 5708 1434 2780 1128 8084 9391 5684 2298 7918 6230 9862 3908 8986 1622 1853 2885 3899 4815 3032 4036 5677 6568 6231 7258 8032 2651 8603 9256 1662 3364 2 5064 5325 1496 1838 268 9339 2766 236 346 1635 7987 3748 2657 2542 2539 9702 7215 104 7020 3145 4180 7266 3558 4031 4427 9516 3018 3619 4758 8469 8376 1679 847 1456 3334 4157 5483 3987 7738 3109 3499 7071 2960 1057 2539 4713 4391 727 4215 7762 9007 370 7685 661 7893 3608 2381
67
6671 4007 1618 7831 1186 6103 8669 6330 8684 7242 724 7557 4060 5246 1449 5081 7571 9400 9024 4082 6525 1905 1946 951 7006 5022 5115 5965 2773 2456 7514 4887 7512 2982 5179 3595 6441 2678 6595 4660 1554 4726 3807 1029 9145 7427 4708 2596 937 8526 1958 139 417 9591 4279 342 2000 8739 5464 5502 1716 9896 9745 6363 9633 3067 12050
2
6048 1508
70
9384 698 5339 75 5796 8926 8506 1737 6481 6249 2758 4710 9268 7849 9634 9092 2897 5790 8452 1518 6071 4329 8140 5778 5497 2605 4681 917 3763 551 3235 2518 4393 6867 3487 1660 3634 3456 2609 85 3791 3068 3908 1501 2027 4691 9919 897 9335 490 8053 8655 6354 6033 8917 6027 1913 4131 1907 2417 1119 6123 7193 1153 6498 82 4307 8353 3839 8622
96
3693 172 2613 2415 1996 7786 8391 805 21 4817 4542 6154 9751 5156 8371 9862 2460 7160 4421 4974 4267 5821 5675 7333 5533 9661 8441 88 7672 7130 8570 1113 3643 6825 9007 3495 3157 2834 1092 6179 3150 295 8373 4699 6918 3035 9225 4051 6720 6538 2810 7005 1941 4112 9360 5053 5152 7179 386 5577 5824 9766 6045 36 4205 4301 5310 9527 5975 2843 7728 6082 9150 6575 1217 9963 6481 5292 6905 2320 6197 8146 1119 9461 7338 1842 8472 6868 2243 9305 5814 4948 885 8733 8928 8985
98
3007 3011 3143 1610 8291 9736 5851 4459 7349 1854 1824 5334 8407 3647 3285 3749 1621 7649 9756 9309 4341 6074 7588 1380 3230 425 6541 5951 2382 1216 5359 2095 7517 6143 4594 9640 7737 7559 9740 7234 1878 8055 1289 4245 5492 8004 8043 7200 9828 8362 7416 3727 2145 4086 9280 7620 3050 5654 4898 9383 5998 8803 5456 3540 7224 3173 6316 5761 6260 4859 960 3987 4138 5438 8016 3352 633 3220 6439 4298 2867 185 6397 7267 7580 5420 2232 540 2160 8805 6559 7886 31 6458 3982 5026 2380 4979
71
8691 5503 1885 9213 8277 5656 9943 2343 6263 9648 3143 1267 7470 4652 820 1489 8240 2547 637 7145 4384 2997 7030 8476 6926 9243 698 9822 7758 7885 6297 1844 3963 4247 5735 9962 3137 3462 365 716 3690 2676 3465 672 5671 8453 9617 4736 1468 9 2713 2301 7497 3826 2038 2626 7433 8200 1031 3522 2888 6363 8528 5768 7623 3355 5421 6296 6000 2472 3473
88
8730 8821 8471 2694 3989 4210 2900 9853 1990 5395 7462 4026 3757 135 5354 8007 8849 5404 3609 1352 6022 9757 8884 8445 8403 1615 4379 8023 2302 5828 2804 2020 8539 115 9035 2895 8171 989 5989 5724 4298 1291 6185 4179 8499 3172 8999 9443 5260 4669 6132 9320 2109 871 8085 6540 7811 6306 8160 3547 1741 7733 4872 3886 7262 4476 2289 1183 9927 3437 9851 5537 9201 4220 6011 6473 2458 2906 817 7323 7730 9066 8650 2666 8084 3242 4458 3822
87
5704 6930 8050 5759 4210 6474 288 7708 8911 9645 8117 397 2801 9908 3753 7051 8862 2555 2305 6223 1861 9543 5945 9333 8487 445 9295 5803 7303 9792 8969 9100 98 9186 7234 9333 7754 102 7926 7860 8504 5416 1801 912 2554 7371 1250 322 9307 6355 2033 5116 5344 4570 2677 1092 1521 6628 8610 4631 8131 2579 7471 1629 9501 9240 4299 2755 1519 5143 9388 699 1168 6639 2599 8092 6113 1697 4324 3982 8300 4955 3970 7701 6833 426 1485
2
4424 1231
48
7053 9703 2377 5759 4835 691 2120 7130 3315 2858 5274 9271 2256 7181 2913 9169 1647 4979 3446 6214 6089 4844 1904 3983 5223 304 2080 537 7892 177 6224 3509 248 3650 4555 7847 9598 528 3918 1199 3470 5641 8358 3439 8638 6157 2818 6457
23
5128 8752 1343 9782 9195 4971 2313 2326 8630 4326 8541 538 6664 7274 9985 9775 8856 9730 3230 2351 7224 133 11619
92
7744 1946 1923 5527 7219 3817 5996 8951 3112 39 732 696 3889 3054 2600 1371 169 5461 9080 6476 9933 6523 3355 1670 8984 5444 3436 7695 1649 9550 9700 8409 2910 3897 2489 854 2882 4167 876 893 9461 7519 3903 8092 3559 1445 5404 896 8179 8561 2813 2855 5405 5628 7491 2860 9854 692 5215 2259 4424 8374 6377 5680 667 5555 8818 651 8330 6531 2348 4937 7944 9494 2686 772 6245 7227 7769 1348 9233 550 2931 2001 2736 2831 6644 2065 3465 3324 5718 10780
23
3203 5896 4980 8515 8208 1783 1986 329 9877 2357 7344 6998 406 4683 323 1745 9195 6600 4477 2323 9385 6945 10268
93
5923 6548 2860 9212 9370 5718 123 5699 4744 1687 7158 4679 4514 4078 734 8931 8300 8340 5168 8621 9090 7590 9608 6049 3849 9227 6504 6140 2897 6577 8667 8645 2818 2817 7924 7099 2569 9070 2533 1145 8981 3333 8721 8993 739 5954 5467 2571 1172 7747 7952 9723 5212 74 8350 7002 8829 5060 3964 2680 3283 2320 4134 4047 6787 2024 9590 2379 7837 1059 2490 4596 9881 3815 4122 5807 3994 4827 6539 9445 2823 2884 1379 1631 4096 1177 8766 3994 8526 1158 3755 390 10166
64
7281 614 7056 4767 7513 6372 7738 9346 2154 8919 4553 6593 5890 2929 2661 806 1498 4424 5993 8646 5120 3322 2222 6020 345 5337 2310 2935 8585 709 2042 1681 9890 1975 8296 971 8657 4580 3427 1106 1388 8878 2296 726 9274 2451 8583 2747 9173 7994 4384 6228 5188 4836 8128 5605 3765 2343 8634 3382 1998 3257 8666 8997
73
413 4340 3635 2029 9756 2895 5114 4865 3806 6402 2136 7676 7996 4588 288 7799 1645 597 4001 4020 5980 4525 79 4831 4583 2215 176 4257 4005 9011 8419 122 4325 7750 1035 6425 4174 644 9810 2799 4761 7835 5546 1739 7879 3604 4577 1697 423 4210 1519 9399 752 4007 3430 1846 6485 8738 8465 717 9107 2608 37 8001 6999 6988 3297 2780 3753 1680 7055 617 1520
83
3712 5744 3379 4209 8603 2621 8469 3404 4058 7486 3574 8811 1830 9349 571 9771 1629 1171 8661 3172 6337 2945 1011 2273 2699 2321 699 1462 6422 5096 220 2593 225 3490 6024 3286 6593 9555 9492 6435 143 9856 9355 8636 7900 2358 2214 4699 3880 8873 7302 449 6988 2348 1301 6159 90 5949 2536 4358 5572 3667 6805 7463 6507 6684 3967 6708 5341 176 895 2925 2427 8003 4410 7221 65 722 4005 3462 9221 7820 1648
100
9513 9384 1435 2825 3569 2835 3403 6230 9638 5534 2020 5319 6443 2468 6403 8836 9044 2955 2 240 5813 4805 612 894 2974 3989 1002 7432 6034 3086 5828 1058 8153 1395 7341 9864 5161 2118 8270 8834 2991 8139 1618 9633 3869 3567 1836 5770 8409 4840 5748 1000 132 3095 360 178 1873 8028 2436 1021 8398 9534 4216 1813 9896 6666 2558 4871 9534 3258 3936 5989 3841 8399 1472 1496 7503 5200 3934 6498 8785 1207 9788 5147 1631 9417 5102 2872 3960 2245 6332 956 5144 9530 4462 9131 346 4878 6473 1824
18
7688 865 7415 2147 4268 3864 3865 6611 1844 736 8346 4425 1741 9043 9003 7310 8660 3947
78
100 4794 1787 2441 9712 7057 7091 6783 296 8018 7313 6501 3890 1936 2488 5668 8528 912 750 1222 2433 9915 3958 777 1885 7810 6271 3113 5853 205 4090 762 2033 264 865 351 2757 3284 2815 5172 1815 95 1614 5586 4140 3156 3489 3952 7825 2833 3894 6572 44 5377 8198 2283 42 4552 4326 613 4539 9750 9658 121 3438 6410 5031 3364 7347 2351 2364 9219 2223 1721 4007 4427 9635 301
6
9875 7145 8927 4158 4450 7929
31
5005 8678 5758 48 1149 8894 4746 2914 4118 5722 6630 6118 7968 8267 1541 8582 9959 4819 8365 5999 598 9518 4469 9241 1227 3173 9863 4137 2692 3963 8631
29
4527 7955 1995 5482 7449 8016 510 9473 5708 3681 2917 5859 9223 6748 7235 4850 6300 1455 2167 6887 5000 5002 2655 2873 5890 5562 8959 8829 791
83
5820 9832 7749 2359 9277 7694 112 4207 9192 9056 8777 1015 7348 2464 9779 864 837 8299 1899 1160 6668 9553 3904 5001 2348 5931 1515 9559 721 5361 7658 5263 2932 2844 9954 1115 3942 7107 4892 5825 3531 3476 7657 5872 6605 7571 9504 6224 3968 1288 5767 1431 388 4778 5482 2808 5728 4899 6913 8505 9303 1973 6307 9085 8592 3795 6946 81 8173 8029 4967 4990 9820 2893 4954 803 147 7375 7109 3060 1660 3554 1020
100
6050 7774 9565 1045 1125 9827 2636 1168 3750 2110 5766 5015 6921 1176 695 7270 9912 1171 9268 7539 4902 7320 8902 9272 6245 2107 9295 4351 9723 4604 1573 1108 4415 5014 4075 8837 2784 8705 7960 6000 7841 2812 7029 2216 7732 5387 309 2755 5763 4893 5376 18 9864 5175 5574 8946 8827 6677 1317 1164 1036 5054 1152 2915 5950 4354 4274 4140 8009 2264 633 185 57 6858 6076 3068 4079 8676 9724 10 5647 7110 1480 1941 8049 3229 8358 5185 8326 8108 2342 4484 2963 1885 7818 4120 6567 7277 3325 8260
28
5000 6878 1131 8077 5778 6824 3892 1758 9057 6369 4512 3162 5574 6983 6682 8206 7870 8917 1231 2604 1600 3008 4423 6244 4716 7701 7070 9283
97
8731 9171 9512 694 3508 7225 5361 1746 3437 6896 1172 3187 4196 5299 5905 8372 8437 5790 1415 7347 5568 4377 985 5225 8876 5001 5677 9087 8800 6495 4436 26 1163 2209 1726 6083 5043 5101 1957 8172 6396 8667 2521 7058 9948 7245 8456 1263 5762 1424 4821 7253 6279 8530 6002 7733 1165 4059 298 840 5729 3497 8999 1687 4637 7097 5796 6397 1742 3660 195 8814 4462 1652 3000 8291 5113 4614 9160 1445 6310 1600 1548 9868 1434 2541 8228 4029 1040 416 7467 3069 203 3621 3758 8286 10407
18
6134 2138 6990 5040 5054 2610 9766 9147 2744 654 6131 8753 5293 5556 4067 5935 3695 8461
23
4760 7531 4375 4744 513 979 170 1710 9241 4871 9163 9018 362 5482 4431 8712 9341 9522 4693 6046 1858 3229 5193
27
760 8357 9619 8525 3017 505 3012 8876 5399 6023 8230 4213 2117 51 4316 3730 9095 6809 2978 4271 4038 6966 5480 2156 7798 9226 12475
9
2773 564 8188 9521 6564 1579 9155 1251 2691
24
8167 9738 1579 9202 8584 3206 4481 4430 2277 3391 5930 2314 9853 4926 1576 6789 9064 6748 2546 6610 9876 3666 68 631
33
9531 2646 4159 1555 8062 9127 7448 1429 2863 7302 4655 4936 8880 2992 3230 7651 3604 8732 2450 3369 7646 7407 7432 2294 2152 395 9497 5965 2333 9253 8634 3235 13388
14
1349 646 5837 8432 7641 8693 862 5472 712 7290 8206 4575 2736 15935
66
5144 575 1342 5160 417 9771 8900 6265 7806 928 100 9140 5047 4747 4966 2587 9021 7354 7441 8098 960 5571 3278 422 6420 8088 608 1896 1615 9692 8997 5589 5732 7142 8025 4573 6556 6972 4674 2740 8273 5963 6595 8738 4748 8361 9210 6173 8114 4748 6479 1977 4361 9368 8282 2418 8369 1089 9016 7650 873 4846 1849 4096 6478 6707
47
5388 5405 6768 5038 2931 3108 1195 2859 4000 9892 8256 8779 2745 7293 5477 8753 5395 8263 4377 710 8353 4275 2941 453 7098 3518 8033 955 4462 5992 4662 8183 4075 4731 8077 7173 9665 1450 7250 8270 7708 5619 4069 2112 2564 178 4652
14
1321 2878 734 9824 4543 1010 3492 136 6430 2860 7593 6116 3491 8212
34
2187 6807 9417 2704 9741 495 3315 2548 3596 802 3105 5741 9889 6257 5701 5886 5310 7646 7764 9411 695 8405 855 5628 6411 3988 9581 8192 8416 6049 5824 3094 9197 5653
42
6558 7126 6205 400 4037 1614 3372 9955 5422 5166 5700 2262 2683 7504 9245 700 687 9261 1594 6972 1337 4172 8740 4611 3151 4731 160 7870 4241 6584 3375 5664 9676 5511 7428 4533 1040 3441 3681 4356 3569 15468
13
5152 6377 8694 7222 9089 8863 5500 7885 2122 4909 1279 4593 13775
76
1898 6118 8431 9599 8763 3808 4899 2206 4449 7334 2615 7372 9647 865 3137 141 8226 2523 4290 8253 6485 8752 3580 2975 180 9010 3654 9210 6784 5513 2922 7039 2198 2051 2091 5838 359 3235 5139 1529 989 6241 5481 6789 9064 6773 2740 5031 5333 6022 3344 241 6126 4715 9084 5554 2567 3343 3752 2349 8461 9306 8210 9920 7715 5170 8709 2383 7152 3978 7852 6715 9329 6081 7784 13053
92
2619 5546 9998 1559 3968 8146 2158 8542 1659 2232 9702 6438 7499 5582 1758 6323 5056 6296 1221 7583 4219 7713 1 8283 4329 9918 9858 9931 1681 4025 4987 7127 2494 245 7294 1453 5811 8009 4638 3719 9984 7126 3437 4167 2571 4410 3741 8412 7180 4737 1023 7364 7638 7015 1401 9702 4364 1174 6671 6956 2829 6883 1847 8938 7825 7436 1355 2074 8275 1476 2589 4535 9983 3519 6972 920 2008 1036 1845 4592 7970 9574 8740 9030 9666 6379 4637 6193 9587 8741 8436 4985
28
3916 7757 2486 7791 1897 2675 9467 3164 5206 5863 9724 2713 108 2596 195 2980 2463 4093 2129 7496 4054 9011 1268 7008 3069 3894 261 10842
97
6234 4189 1696 3148 3255 3185 7063 246 448 5916 2373 3096 3750 3391 1460 5851 7784 1393 9593 9300 1490 7312 8405 7913 1426 9459 7150 6686 1560 6657 3686 8622 1821 3610 6197 2374 8809 4877 1604 2298 8697 4431 2917 5800 1910 8859 3848 5519 8511 2121 2356 7060 6263 6328 2193 5926 2487 2332 4506 3824 4420 4137 531 2949 4301 4225 1969 3828 7971 4079 8944 2128 7437 8683 9136 5209 3946 7094 549 1207 8958 5260 6905 4295 1018 9111 1253 2542 8481 8186 3057 5570 877 7007 3464 8264 4809
31
1749 266 5735 5887 2887 7061 1386 5003 5375 8458 2939 3792 6135 6615 4698 4327 970 7957 3687 5573 4531 5614 7918 7322 240 5574 6392 7384 9124 2607 1150
30
4645 8470 8516 9942 685 1525 7012 8333 1997 9135 8659 4852 7192 4968 6880 7579 3351 6883 5007 8848 7336 7964 5777 2359 7395 4737 9028 2480 6407 4150
63
2822 4336 7757 2168 7124 3413 7318 2646 2233 6418 1231 4256 9791 3604 8157 9033 2404 3201 9007 318 7094 1732 1751 8046 3622 7997 4271 6386 9326 1059 7713 4631 4147 1429 7126 2017 9427 3784 6327 4868 8776 1768 5112 2792 3414 7004 1413 3690 8176 3134 4868 1759 1912 8859 874 5326 4089 3231 8494 3790 9167 1329 15549
69
5361 7801 9313 2876 2489 5407 4901 7751 6076 2620 5863 8228 804 7666 1300 7704 6999 8738 2507 6921 2884 2064 588 4375 2392 9920 6538 8106 3958 1864 8918 2559 2751 5353 6071 2990 1394 7740 6736 2977 8480 7053 5701 8571 8735 2004 9877 5385 602 7911 2123 8152 2157 4757 9024 812 8338 70 3439 7587 8689 7687 3383 2336 6500 8466 1224 526 15448
85
2319 6853 2677 8297 2633 1622 9293 9195 9145 2672 5647 324 8904 7774 9032 7649 5670 8090 6737 3720 7277 5429 9392 2730 6595 3687 4669 6530 1968 1467 7724 1566 6152 1303 5131 6605 735 8777 9365 8249 8065 6648 7208 3147 1659 8199 2789 5411 7811 4986 8359 2512 997 214 6146 5148 9269 63 9661 3922 2267 465 4490 5007 4121 2581 6039 1255 8825 349 335 1338 5881 7761 6964 8782 7671 24 2627 697 4976 6823 6688 3196 789
8
9019 332 9786 9385 6774 3298 9824 1568
39
2714 159 6531 8327 7336 8699 7019 5042 5961 6026 8079 1524 1488 5094 5228 3710 7660 2521 9330 6068 8545 6623 1893 8678 1442 413 8011 8934 3165 4704 2156 7621 9234 4201 1713 423 5592 9323 367
29
3090 6637 5972 2615 4162 5591 510 3685 9997 8173 8458 5280 3221 8082 7342 861 5482 5408 3093 7028 8405 8761 6848 1004 9407 877 138 8541 2498
51
4806 5567 5607 435 7817 2582 7046 2366 2440 2466 7803 1852 3756 2124 7149 2218 8392 9381 7253 3837 1580 4102 7113 8951 170 9707 9542 4676 3344 112 9862 8463 2366 9751 4049 1209 7961 6553 5054 2826 150 5198 263 1870 5153 8565 629 3018 3569 4359 12354
43
5947 2698 4053 9760 8303 1495 2813 61 9653 2110 8089 5553 9571 216 3224 6192 2849 9943 169 3526 6547 4123 1088 6725 675 3382 1749 3527 6328 5012 381 2589 6624 960 7015 6902 9652 6283 53 2006 252 8608 15970
21
7838 2575 840 677 9646 4812 4342 5677 7570 5235 8680 1647 9696 7220 647 3278 6588 4763 3830 9320 7303
96
9108 6401 4256 4299 7271 2868 5591 7176 5674 992 7671 2146 7207 3991 6218 1807 8658 6632 7056 3324 1493 6365 3731 6999 9960 748 1844 6037 5846 3397 9857 2396 1344 1580 78 3229 1461 333 2108 3509 671 4434 3084 5677 8405 5188 9000 8572 6581 101 3872 1483 6160 7304 8439 1478 5734 5885 6970 1123 8249 1077 9850 2874 7535 585 7719 1984 2502 2638 6113 8271 5699 1257 7291 1233 8926 8867 9917 3601 6418 9210 713 4442 9774 1229 9429 9833 589 7079 2021 5169 8744 691 1198 11595
79
5813 7040 8448 2942 8952 4685 124 4253 4796 5512 5156 9837 8469 208 6702 5792 4803 8216 3124 4995 335 8487 8043 1193 3252 9216 6146 507 5460 288 75 2747 8627 195 514 1891 7163 5461 7561 3481 7164 7296 8796 3893 7279 2698 8701 4483 3155 4837 4743 4469 4900 6050 8745 7269 6269 5721 6855 3593 5483 5631 5905 7680 2816 7953 7358 8352 9213 3552 1988 2380 6542 9775 9220 3752 6220 4075 11990
32
4115 5506 6052 5513 9774 6223 8360 7171 653 6825 6977 9844 2485 3838 6399 7655 5078 8546 6950 387 2014 655 3607 9417 4023 4386 4989 6433 339 5259 8460 1463
28
2820 1800 2520 7496 307 2078 2606 2274 5441 205 9552 1360 9781 1894 437 6338 2401 7792 2802 5140 2683 4251 6143 2492 8405 4803 7576 15375
37
111 9284 1994 8783 8229 2540 4606 698 7444 7922 5431 3259 6402 8647 1402 7067 6888 1560 4932 2500 5042 490 1287 4075 8068 5395 9946 9070 4281 8912 7302 8708 2360 5511 13 3459 2896
14
7002 115 281 5521 2870 4393 9298 5327 4111 5087 6654 3747 7218 11676
35
677 8830 2499 484 91 7468 2685 6757 3710 9997 6268 5872 4048 58 5238 1640 7388 8813 1740 1417 9163 309 3710 7578 4399 5856 8957 573 9547 6510 5552 7137 3205 1522 4954
18
2457 8556 8048 5475 5351 8436 3166 253 8120 5983 5129 3747 7172 9251 8896 4248 9232 6307
95
5651 5473 219 1228 2901 4101 4180 8967 4374 359 8939 2322 4218 1020 323 3330 5816 7064 5384 2976 3002 2168 8219 7509 3912 7958 8074 4733 8380 2950 4352 198 5931 3825 3820 3031 6796 2554 2815 4549 9808 8079 1792 4892 4386 3841 5236 4155 5781 8024 8014 2275 9063 6023 1042 4037 1052 3101 4272 2205 2171 8306 4128 9068 4331 8144 6397 2265 7074 6726 9040 2117 653 3664 5430 7418 1999 2434 9899 5812 843 5659 2439 4542 6727 4207 2238 3430 3747 8340 8254 5378 9619 8601 6007
89
4764 2170 7407 1804 5324 6953 1267 5000 456 8990 2923 6302 6308 2504 7622 2616 7405 5946 8305 535 9862 4325 4 9151 3932 8650 8070 6961 8204 2877 4660 2779 6870 2380 1289 4258 1666 3689 1321 1431 1292 897 9075 163 5814 3582 5016 6721 3427 6225 1860 231 5058 7834 4293 8338 7305 2694 6843 7953 6062 6626 7909 6082 4704 8984 298 26 7210 4037 6597 3964 9376 4480 4724 5763 1064 5812 7494 3701 8532 3512 5007 3887 1583 5167 1855 6416 1870
4
9233 9413 8491 8703
51
1466 6551 9329 1453 5603 2643 7725 3339 7758 8267 9404 8068 183 9812 2762 6981 9103 7525 3439 5790 5913 821 3471 4275 4043 8236 3877 8524 3319 5782 5389 8364 3031 2578 9499 1736 5511 2563 8146 3253 3977 7630 6048 5231 4012 7508 7097 2632 1918 9119 6630
17
9657 6270 2637 4438 7174 9738 9816 6501 6116 4825 3725 6680 7840 2450 4253 7440 7805
81
7580 4896 4198 1802 4107 9496 8178 8295 2125 3207 6416 222 1374 8739 7738 9195 6136 7057 8422 1273 3019 8383 3046 4437 6701 351 6864 8358 7314 7327 5230 8337 5213 7454 7822 5892 7657 5554 5707 4961 7564 9066 7802 9442 6140 8775 4648 3500 8518 9478 2216 4446 9879 1364 3581 4570 9906 5574 6317 1291 3708 3113 8515 9011 6163 5100 3824 2721 7499 9715 502 1601 5792 62 8704 588 4892 2839 2129 1446 9322
34
1731 8976 3625 8606 9923 4484 296 6362 6119 7011 3115 865 2973 4285 5203 5630 4025 52 1083 1159 5820 8505 7758 9841 4044 7088 1978 12 7693 2568 1810 303 3819 12800
93
2233 4081 9602 1928 6587 3500 6630 4718 5722 9842 361 1785 91 581 2823 1341 8171 8648 6118 5706 5211 1768 2377 248 3450 4957 3248 4564 2440 300 2212 3246 8873 6262 3684 8129 4572 1522 5322 3217 783 1744 2538 3550 5389 9296 7154 1208 790 2059 5515 6141 4673 1829 8813 687 8979 5363 5867 9812 7605 2791 1885 9306 3657 4258 9029 4237 4364 6887 4528 4465 9996 5882 6437 9199 4517 2620 8042 5673 8490 7006 1402 6310 4386 9844 3852 6268 6622 1116 6687 2273 6664
8
6438 9458 645 5259 8191 1863 2252 15278
20
1949 9530 5473 180 6015 52 2825 998 9257 9410 421 3036 2958 536 5756 7444 749 9197 7973 7839
60
934 5806 6138 5183 1567 185 9814 4274 4984 2798 5420 1489 89 2534 9767 4583 8559 9665 2523 3664 4476 387 7824 9368 3172 7243 4166 2218 9249 4018 9817 3627 4937 8060 9563 3958 9502 7227 2752 55 899 6409 5624 1343 3334 8891 8996 2418 8298 1571 1788 6702 8474 9843 4574 3341 1928 9581 5272 15963
3
5864 7482 3026
13
4171 1094 8782 9340 7388 8972 1491 2823 6444 2821 1908 7363 10917
26
2714 2906 621 8394 3095 7368 9035 2305 1480 1273 8074 7417 1943 1125 4661 5324 6148 2035 3705 67 9408 6675 3071 4532 6304 13134
36
243 1609 5861 7058 8056 9466 6778 5141 8110 7935 5249 6951 3557 5070 9608 6926 5035 5398 6651 6608 8442 7247 4092 9864 3254 94 5172 6209 7143 1322 8441 9424 5572 2137 3483 2386
