100
5
1 2 3 4 5
3
3 5 6
2
5 6
2
5 5
14
998039 253960 607172 89994 405707 486838 106789 339689 990779 994347 731414 797059 579753 70145
15
231667 958054 219801 163525 495493 442815 925710 492365 163360 89615 385566 537238 68773 663324 481859
12
686620 703815 742564 816650 976876 781053 477891 897877 876346 41509 846457 591380
4
616447 675537 896305 951327
7
276473 699768 835181 847451 474741 334788 847622
9
213713 816592 310780 736435 720390 450297 325212 54225 570172
11
155711 295670 116574 798818 429650 58091 161922 252869 178625 46666 987285
8
107937 583488 190952 249873 101897 628742 565078 586305
7
362443 173790 98761 64151 71212 618581 932914
14
231346 176459 297188 297432 499736 498992 393266 121302 385327 247688 265553 138989 392104 202190
3
3705 1731 2234
3
981 8686 8763
11
5621 1357 1061 5601 4983 9905 7466 7706 175 9303 4978
4
569 391 2217 4992
11
3929 9661 6709 3154 875 6401 2119 3954 6479 7864 9771
3
2141 2191 210
8
7361 6537 4484 1526 1973 1368 6267 2988
9
5693 478 7361 4739 3361 5380 8591 6497 14698
7
5015 4527 2968 5581 4023 936 4210
5
6283 4108 8285 8120 14178
7
7869 6081 1874 3112 1854 8079 2994
12
9848 7364 7285 1288 4562 5122 129 2878 9509 3968 5460 4104
8
899 4934 2675 6191 7624 6151 1724 2467
4
3313 4331 1499 6593
3
4142 7060 3002
3
1417 6291 7450
4
7436 4255 9199 663
6
3412 7950 2240 7278 6078 4426
9
8458 2804 8446 4586 3735 876 750 5030 1625
12
6795 9399 9808 412 32 3023 2388 701 8199 7772 8539 1782
6
7172 4445 9855 9619 9071 11738
8
7728 1087 7042 9801 508 9969 6567 6510
15
1046 4577 4203 2800 4094 1694 5079 9919 7461 4869 49 2267 6776 1756 10506
2
5890 1299
10
4632 1184 5824 6160 4665 100 6101 8260 639 6787
6
2378 6291 3195 7347 2214 2487
11
6707 3968 6246 2631 3026 9428 2089 7075 8179 857 10164
3
8986 5698 13656
9
8674 2562 1150 8006 565 1514 2534 498 16147
8
5998 4902 8975 5259 2132 2373 6720 10397
5
1692 9096 4916 6893 983
5
4264 2740 670 687 6643
11
8949 7855 1495 6007 646 8697 9931 9227 3774 326 8255
14
3621 8289 7676 5431 2913 6679 896 9875 8250 4464 12 156 3779 11763
8
7674 6766 3950 1627 9815 3368 6592 15390
3
5453 8387 13710
7
436 4118 8608 7582 1563 3079 9513
7
3576 6522 9941 9819 6826 6784 5158
4
2154 4423 2332 9209
10
1318 7464 8608 8183 6421 903 9226 5777 7128 2701
3
704 1910 1462
7
9493 8288 5334 2084 5699 9603 10823
4
8854 1319 4948 13541
9
7405 9495 419 9351 3306 1695 2720 2207 5268
9
5511 2847 1139 4371 1100 1113 1287 633 3219
14
8239 9237 5816 2094 3278 7737 3343 145 566 3539 9034 3802 2600 1064
13
2497 9130 9971 1220 1935 8170 2036 6918 2060 2472 8934 1615 10694
9
2625 9663 7209 7252 179 614 3113 867 8732
10
4756 4147 7170 3735 3216 3305 1125 9785 5097 9441
14
5759 1719 2339 9249 7636 2913 2588 9386 9749 4950 3690 5440 8563 2771
14
6848 8968 9944 1935 7098 578 5505 2623 6066 3699 492 498 9644 8874
5
4754 1146 4210 4722 5352
6
7527 58 1610 5311 9236 11196
15
5544 6929 9891 5351 7802 8314 7632 3384 406 8498 3377 85 5035 8366 3280
14
7822 956 5747 1600 4252 2717 1324 6856 2028 2351 5118 1520 8648 12769
12
7104 4159 1850 6132 4736 4585 704 911 8405 4981 7824 8477
9
273 4078 7975 2044 3238 1365 1902 6163 170
11
8283 5644 955 4010 9460 8141 1176 5932 2116 959 6448
4
9481 4894 1452 13243
6
6813 7884 1335 5653 8362 14297
8
7938 3465 1467 6060 4105 8033 1414 2674
11
2879 3169 4581 6516 8419 6383 6491 8001 8176 4465 16216
11
6103 8006 8126 5329 8187 7777 4537 9918 625 1623 12613
3
6291 176 3470
10
5713 6989 3588 3571 8316 3542 187 852 925 6860
6
6256 3713 6097 5241 8755 4153
10
5396 5204 857 1219 507 1106 4697 3226 453 2682
15
499 6829 2744 7822 7630 9363 5605 7306 2469 6824 4435 2793 7829 2322 8298
10
5879 3006 3561 7068 1214 8304 4522 264 1185 15345
11
1481 1040 42 1337 9359 1884 9112 9547 2924 5649 2386
10
4163 380 6932 7138 1254 8768 2807 64 6409 9425
3
768 9289 10057
3
5908 1880 4172
3
7835 6678 1165
13
5927 3069 9567 882 7702 672 5395 9922 1192 4089 3170 5942 1429
10
9971 8187 9421 8456 6251 3621 4094 3132 3043 8866
5
6161 6338 1991 121 1901
4
1181 4257 8497 9516
12
6450 1549 8493 9778 1858 2775 3354 2315 1582 9769 6099 9121
15
1675 3868 4307 6748 8238 876 3406 2337 3219 6950 7831 9430 6430 7366 3097
3
3344 3691 891
7
6384 5721 8947 1058 7019 3313 16354
7
8377 7788 3429 5074 9318 5044 6064
12
8572 890 2943 1440 5336 9474 5317 4697 8169 2866 6148 5952
6
2228 6322 2104 3715 4288 1661
10
6142 5708 1269 9253 1686 6574 5052 1416 1596 2538
